%YAML:1.0
---
image_width: 960
image_height: 720
camera_matrix: !!opencv-matrix
   rows: 3
   cols: 3
   dt: d
   data: [ 9.0290444120646589e+02, 0., 4.5547871627810167e+02, 0.,
       9.0286117093154758e+02, 3.7184786152667613e+02, 0., 0., 1. ]
distortion_coefficients: !!opencv-matrix
   rows: 1
   cols: 5
   dt: d
   data: [ -2.9694534080848746e-02, 6.2586617823281093e-02,
       4.9532717081799899e-03, -6.5832485253535956e-03,
       -4.9088879125474126e-02 ]
