%YAML:1.0
---
image_width: 960
image_height: 720
camera_matrix: !!opencv-matrix
   rows: 3
   cols: 3
   dt: d
   data: [ 9.2654679055655640e+02, 0., 4.6963507005330081e+02, 0.,
       9.2542238493629270e+02, 3.5428330149587765e+02, 0., 0., 1. ]
distortion_coefficients: !!opencv-matrix
   rows: 1
   cols: 5
   dt: d
   data: [ -4.2468292904703817e-02, 3.4135155666113121e-01,
       -2.2550408721666360e-03, -1.7161620651393653e-03,
       -6.8021216102304138e-01 ]
