%YAML:1.0
---
image_width: 960
image_height: 720
camera_matrix: !!opencv-matrix
   rows: 3
   cols: 3
   dt: d
   data: [ 9.4507065314896329e+02, 0., 4.4861195150052561e+02, 0.,
       9.5093853831295769e+02, 4.0142428299719165e+02, 0., 0., 1. ]
distortion_coefficients: !!opencv-matrix
   rows: 1
   cols: 5
   dt: d
   data: [ -5.9261128029647761e-03, -1.2330303271528639e-01,
       3.6254122577470353e-03, -6.1651964660306372e-03,
       5.6660989277932028e-01 ]
