%YAML:1.0
---
image_width: 960
image_height: 720
camera_matrix: !!opencv-matrix
   rows: 3
   cols: 3
   dt: d
   data: [ 9.3812754093129104e+02, 0., 4.7298269095597561e+02, 0.,
       9.3367780621141242e+02, 3.6257426826077688e+02, 0., 0., 1. ]
distortion_coefficients: !!opencv-matrix
   rows: 1
   cols: 5
   dt: d
   data: [ -4.4009702088116096e-02, 2.0635678907162019e-01,
       2.2437272597529865e-03, 2.1040449088824032e-03,
       -3.0797021700294575e-01 ]
